id:1; name:Vasya; surname:Ivanov; phone:+3801234567890; skills:1,2,3; age:23; married:false; create date: 2019-05-19T18:37:11.738263; account id: ACTIVE
id:2; name:Masha; surname:Petrova; phone:+3801234567333; skills:1,5; age:31; married:true; create date: 2018-04-21T18:37:11.738263; account id: ACTIVE
id:3; name:Jhon; surname:Snow; phone:+3801234567444; skills:4,1; age:32; married:false; create date: 2019-11-11T18:37:11.738263; account id: ACTIVE